http://sports.sina.com.cn/l/2018-04-20/doc-ifznefkf6215203.shtml
体育
新浪彩票名家双色球第18045期推荐汇总
　　金拐： 04 09 10 13 15 19 25 29 +06 08 16
　　崔英哲：01 04 11 16 18 19 20 23 24 33+04 10 13 07
　　彩宝：02 04 10 11 13 17 18 22 25 26 29 31+06 09 16
　　英豪红球专点：01 02 09 14 18 25 29 30
　　朋哥：01 02 10 12 15 18 20 21 25 28 29 30+02 05 09 15
　　葵花泽：07 10 16 22 31 33+15
　　碧云天：06,09,16,17,19,20,21,25 + 04,14
　　乐心小天：02 12 15 19 22 24 28 31 + 10,12
　　詹天佑：03 05 09 11 15 18 21 22 23 26 29 31 + 03 08 11 13
　　金虎：03 07 14 22 23 32+11
　　程程：06 10 17 21 25 32+10
　　龙天：02 12 14 18 22 32+12
　　优优：02 03 15 16 22 33+08
　　码上飞：02 03 14 15 16 18 25 26+15 12
　　红球龙头热点：02 06 红球凤尾热点：29 32
　　蓝球热点：10 11
　　名家推荐最热一注：02 06 10 15 29 32+ 11


